HE 0, 0,  9223372036854775807, xxxxxxxx
HE 0, 0,  9223372036854775807, xxxxxxxx
HE 0, 0,  9223372036854775806, xxxxxxxx
HE 0, 0,  9223372036854775806, xxxxxxxx
HE 0, 0,                    1, e8600018
HE 0, 0,                    1, 38600061
HE 0, 0,                    0, 38000000
HE 0, 0,                    0, 4800000c
BX
HE 0, 0,                    0, 38600064
HE 0, 0,                    0, 38600063
HE 0, 0,  9223372036854775807, f8600038
HE 0, 0,  9223372036854775807, 38800062
HE 0, 0,                    2, f8600038
HE 0, 0,                    2, 38800062
HE 0, 0,                    1, e8600018
HE 0, 0,                    1, 38600061
LD  3,  0                  24
ADDI  4,  0,                   98
STD
HE 0, 0,                    4, 38600062
HE 0, 0,                    4, 38600061
HE 0, 0,                    3, 38600064
HE 0, 0,                    3, 38600063
ADDI  3,  0,                   99
ADDI  3,  0,                  100
ADDI  3,  0,                   97
ADDI  3,  0,                   98
HE 0, 0,                    4, 38600062
HE 0, 0,                    4, 38600061
HE 0, 0,                    3, 38600064
HE 0, 0,                    3, 38600063
HE 0, 0,                    4, 38600062
HE 0, 0,                    4, 38600061
HE 0, 0,                    3, 38600064

HE 0, 0,                    3, 38600063
HE 1, 0,                    5, 38600062
HE 1, 0,                    5, 38600061
HE 1, 0,                    4, 38600064
HE 1, 0,                    4, 38600063
ADDI  3,  0,                   97
ADDI  3,  0,                   98
HE 0, 0,                    7, 38600062
HE 0, 0,                    7, 38600061
HE 0, 0,                    6, 38600062
HE 0, 0,                    6, 38600061
ADDI  3,  0,                   97
ADDI  3,  0,                   98
ADDI  3,  0,                   97
ADDI  3,  0,                   98
HE 0, 0,                    9, 00000000
HE 0, 0,                    9, 44000002
HE 0, 0,                    8, 38000001
HE 0, 0,                    8, 44000002
SC
ADDI  0,  0,                    1
SC
b
HE 0, 0,                    9, 00000000
HE 0, 0,                    9, 00000000
HE 0, 0,                    8, 00000000
HE 0, 0,                    8, 00000000
